55846.6
56649.8
56913.4
56325.4
57164.2
57258.6
55260.6
52981.8
50635.8
47326.6
44525
42925
41883.8
40937
40192.6
39609.4
39050.6
38476.2
37931.8
37322.2
36796.6
36273
36137.8
36027.8
36007.8
35953.8
35946.2
35703
35447
35240.2
35137.4
34944.2
34853
34988.2
35103.8
35154.2
35387
35771
36183
36768.2
37412.2
38237.8
39124.2
40639
41092.6
41481
41559
41516.2
40597
40438.6
40364.2
40435.8
40503
40851.8
41113
41275.8
41577
41849
42013.4
42220.6
42509
42819
43230.2
43720.2
44250.6
44859.8
45361.4
45982.6
46791.4
47847.4
49087.8
50288.2
51478.2
52810.6
53853
54594.6
55843.8
57374.6
58661
60074.6
62102.6
63515.4
64574.2
65457.4
67333.4
69249.8
72209.4
76825.4
82825
85293.8
87193.4
87349
84236.6
78923.4
76245.4
72494.2
68884.6
66422.2
64587.8
62482.2
61230.2
60397.4
59653.8
58807
58002.6
57053.4
56010.6
54650.2
53720.2
52762.2
52080.6
51482.6
51293.8
50867.4
50804.2
51223.8
51727.4
51969
52278.6
52165.4
51338.2
50538.2
50125.8
49402.2
48944.2
48600.6
48493.4
48398.2
48631.8
48634.2
48929.8
49184.6
49422.2
50390.6
50496.2
50285.8
49783
49250.2
47782.2
47315.4
46917.8
46584.2
46409.8
46345.8
46355
46542.2
46757
46817
46935.4
47109.4
46959.4
46770.2
46409.4
46116.6
45682.6
45302.6
45055
44775.8
44391
44030.2
43785.8
43573
43485
43477
43534.2
43706.6
43874.2
44111.8
44408.6
44805.4
45224.2
45858.6
46844.6
48111
49285.4
50591.8
52026.2
53670.2
54353
54576.2
